cpu: 0.768741
gpu: 0.217679
