cpu: 0.933002
gpu: 0.214567
