cpu: 0.805133
gpu: 5.04245
