cpu: 0.954282
gpu: 5.68966
