cpu: 3.44445
gpu: 3.38131
