cpu: 3.54816
gpu: 0.163502
