cpu: 0.999977
gpu: 0.215117
